366357 1
421581 3
30266 0
136630 3
114115 0
7022 0
16355 3
27084 3
316722 2
102942 0
14729 2
180434 0
84275 0
95048 0
34494 1
316650 2
363816 3
78327 0
15700 2
113684 3
175592 0
126543 1
20716 2
20644 2
15984 2
16527 2
19252 2
15521 2
160929 0
366286 1
113185 0
29476 0
113745 1
71373 2
50682 2
61834 3
17107 3
20189 2
114530 3
85904 0
421134 3
167940 2
260996 1
19232 2
160263 1
438499 0
113285 0
35520 1
261370 0
366437 1
113905 1
316811 2
18562 3
35437 3
16122 2
317099 2
114260 3
366219 1
11964 3
16245 2
201790 0
10751 1
366312 1
290469 3
189519 3
364747 2
139148 2
307693 2
13319 1
99226 1
18491 2
114526 3
35663 0
86022 0
32772 0
114334 1
13377 0
106634 3
49582 0
113162 0
366551 1
260631 0
366463 1
17568 2
48693 2
421451 3
86198 0
95379 3
90419 0
44856 0
17399 2
421287 3
18994 2
260691 0
421413 3
88163 0
51414 0
19748 0
125675 0
15470 3
15779 2
260722 0
316133 2
114556 3
86359 0
16462 2
19539 2
117396 3
17871 2
17045 2
15272 2
113241 0
16996 2
15407 2
114981 0
113735 3
114790 3
316092 2
36319 2
8912 1
18380 2
51200 0
152658 0
71298 2
168788 2
126955 0
175517 0
18831 2
91213 0
28262 3
184902 3
421086 3
421351 3
17606 2
422669 0
17841 2
51527 1
260635 0
15807 2
2500 2
16399 2
26794 2
20607 2
173414 2
16637 2
162027 0
16782 2
55532 3
19617 1
288761 2
114061 3
15310 2
148918 1
18188 2
103070 0
152360 0
29750 0
82541 0
147885 0
17183 2
5173 3
113868 0
107932 3
146855 0
366388 1
34143 0
261988 1
18454 2
77828 0
421345 3
422500 0
26951 2
16781 2
86260 0
421470 3
22640 0
125729 1
225258 1
237413 3
366375 1
9521 2
33889 0
74558 2
282913 2
153317 1
34477 0
19591 2
16934 2
422720 0
116673 3
16338 2
175559 0
114546 3
20630 2
78320 0
4606 0
27523 3
168379 2
37034 2
2280 3
37276 0
35505 0
24089 2
221815 3
114584 1
19677 2
20131 1
18238 2
15542 2
33994 0
33745 0
173385 2
231145 3
3530 0
18036 2
16328 0
38848 0
82368 3
48646 2
82740 0
1102 2
322292 0
113766 0
92692 1
34921 3
19017 2
20798 3
50743 1
149246 0
17752 2
175765 1
27324 3
34652 0
421432 3
236150 3
17952 2
117420 3
44860 2
20449 2
85981 1
164304 3
149488 1
15385 2
108737 0
173494 1
421467 3
152153 0
421506 3
421551 3
114017 0
39764 2
17014 2
13848 0
3759 2
11721 0
17093 1
117307 3
113213 0
2526 0
10003 3
113202 0
123405 2
17164 2
42665 1
226723 1
20088 2
364211 3
261984 1
69403 0
171309 1
27222 2
261179 0
421421 3
422387 0
17076 2
234 3
11222 3
69346 0
114427 3
79275 1
16198 3
260845 1
18138 3
35875 2
20865 2
1844 0
173722 0
16619 2
129979 1
15179 2
421593 3
39639 3
50634 1
152598 3
19337 2
15644 2
169299 1
131989 3
16633 2
52952 3
230601 0
78934 2
33794 0
113296 0
86327 0
421426 3
106468 0
17577 2
16425 2
74812 1
26664 3
366292 1
20404 2
13148 0
113774 1
94908 0
20335 3
421185 3
18496 2
181474 3
421518 3
421407 3
63186 0
158677 0
422479 0
18487 3
39886 1
15993 2
124335 1
185732 2
83916 0
47794 3
422589 0
157988 0
398253 3
198384 0
422622 0
124761 0
16896 2
15774 2
16508 2
167457 3
61860 0
42535 3
18613 2
122263 1
16216 2
261780 1
18286 2
19762 2
20530 2
152261 3
123594 3
19998 2
19204 2
294635 2
113674 1
421142 3
438393 0
364286 3
43445 2
48481 0
50791 2
77766 0
260704 0
398294 0
87999 2
17838 2
421405 3
12350 0
48968 3
438695 0
259363 0
18201 2
79033 1
261278 0
15841 2
233907 0
65081 0
13239 0
101859 2
168129 2
35433 0
15908 2
438329 0
934 2
366630 1
83826 2
226 2
280942 3
113946 1
154464 0
85913 1
7907 2
17459 2
113638 0
37839 2
366270 1
113836 0
19866 2
20095 2
4701 1
82055 2
17766 2
18330 3
34139 0
52175 3
17263 2
198235 3
366680 1
85898 0
4327 2
17314 2
316356 2
29735 3
16490 2
50798 1
111414 3
90427 0
421137 3
421255 3
281146 3
152305 0
51793 2
19730 2
16133 2
4840 3
175597 1
20541 2
18670 2
41984 3
421204 3
184946 1
4130 3
90610 0
15501 2
75280 0
60684 0
15135 2
316419 0
137801 3
421600 3
27391 2
366548 1
175524 0
114649 0
12184 0
261103 0
422308 0
18356 2
26504 3
8875 0
114150 0
260390 0
175666 0
161460 1
48763 3
316021 2
175602 0
261801 1
114193 0
17829 2
422384 0
19195 2
26175 3
26480 2
18718 2
18746 2
15250 2
17712 2
15481 2
197744 0
15151 2
28795 0
16403 2
34710 0
33483 0
155372 0
95352 0
33501 0
438365 0
15575 2
16026 2
308747 2
19112 2
363610 3
124995 0
117246 3
57164 1
261787 1
421038 3
48460 2
28899 0
34674 0
124025 3
198378 0
175502 0
15494 2
18255 2
113762 3
123879 3
422588 0
237295 0
282802 2
261374 0
55065 0
422398 0
55669 1
422605 0
26699 3
126046 0
34328 0
53843 0
127456 1
421273 3
20746 2
261238 0
366654 2
48928 3
2316 1
261081 0
28003 3
14180 0
3794 2
260796 0
316039 2
149267 0
26855 2
152339 0
163702 1
33910 0
65506 3
24226 3
261671 1
175770 0
282842 2
421151 3
421334 3
261650 1
366247 2
69101 1
35739 0
33948 0
34162 0
123683 2
283053 2
19922 0
175733 0
15904 2
17452 2
205841 1
18636 2
113748 3
16465 2
39524 3
61767 0
17902 2
31852 0
113683 1
77808 0
422497 0
164227 3
12631 3
85814 0
17037 2
122827 0
18640 2
171326 3
261553 1
421178 3
7739 2
19163 2
421163 3
422261 0
17210 2
421477 3
69996 3
35506 0
53183 2
215348 2
168771 2
16571 2
83863 3
438542 0
162275 1
29396 0
149125 0
114417 0
421482 3
181143 3
162317 1
39839 1
25313 2
316357 2
316950 2
398766 0
421604 3
19618 1
22511 0
294269 3
48550 2
422185 0
421546 3
17247 2
153259 3
111302 3
16588 2
114740 2
232726 0
230602 0
421215 3
40044 2
14112 2
15440 2
7338 0
113303 0
17807 2
42621 1
362193 3
321764 3
58854 0
159739 1
15848 2
50542 2
53578 0
79032 1
16380 2
18886 1
17144 2
389033 0
48892 3
105290 2
15324 2
422460 0
421571 3
232795 2
62124 3
422386 0
147419 2
175617 0
316830 2
175740 3
16501 2
261749 1
10752 1
77875 0
106630 3
19823 2
35449 0
47352 1
17041 2
5049 2
113154 0
20691 3
19445 0
78117 0
84135 0
398252 0
421555 3
130764 2
9024 1
27087 3
11242 1
16650 2
26275 3
261205 0
35511 0
316394 2
34171 0
4886 2
18022 2
16778 2
114018 0
19806 2
12351 3
113962 0
260272 0
116919 3
30491 0
16001 2
16285 2
260428 0
196760 1
58359 0
27514 3
4254 3
421532 3
422731 0
5304 0
438260 0
86372 0
114494 3
152174 1
16334 1
16394 2
316163 2
29883 2
16530 2
43173 2
88766 3
205917 0
17762 2
261376 0
152595 0
48845 3
14513 1
422151 0
16041 2
17434 2
152618 0
17251 1
261806 1
13101 0
308874 3
438264 0
78018 0
13451 0
34362 0
1930 2
84319 3
20819 2
4968 0
15142 2
34507 3
48499 2
83853 1
78300 0
435 2
196735 1
364214 3
421455 3
316932 2
49130 3
422115 0
114669 3
17669 2
366578 1
438348 0
7757 0
17517 2
260992 0
117452 3
114471 0
19585 2
17230 2
171261 3
53167 2
48629 2
158688 3
17388 2
113271 0
231522 3
35465 1
262027 1
117308 3
438634 0
15921 0
421517 3
260966 0
8242 1
316881 2
12673 0
114190 1
5577 2
175694 1
438208 0
366347 1
379131 3
364152 3
422193 0
16845 0
134255 0
421443 1
438613 0
421909 0
231957 1
78335 0
16422 1
282929 2
421107 3
98863 1
296052 1
16224 2
18492 2
114645 1
391296 3
29768 0
114725 3
421494 3
28437 0
11278 1
82546 2
18072 2
19320 2
15468 2
77826 0
33867 1
1582 1
42711 2
87329 3
422701 0
18312 2
104392 2
17317 2
366424 1
260444 0
114699 3
113647 0
20209 0
154199 0
16162 2
391229 1
22847 2
29284 1
18099 2
5586 2
44662 3
113691 0
16169 3
114665 3
13428 0
261165 1
260629 0
26401 1
82135 0
27966 3
419925 3
4865 0
125635 3
114604 3
29309 0
114528 0
13380 1
156563 1
18369 2
221885 0
76051 3
113753 0
52188 3
366320 1
15571 2
283077 2
96233 0
18370 2
15463 1
17724 1
22978 2
82246 2
39233 3
79256 1
154944 0
421295 3
15686 2
1394 2
17059 2
323576 1
149382 0
316909 2
116689 1
4642 2
26906 3
16319 3
24147 1
85990 0
15844 2
15757 2
107377 3
47349 0
78617 0
26406 3
134011 3
17414 2
160111 1
39552 3
18733 0
421300 3
260320 0
316258 2
260974 0
34612 0
34668 3
115350 1
88541 2
18874 2
261573 1
153672 0
19237 2
48606 2
133492 1
20368 2
147665 1
15290 2
421535 3
34461 2
381536 3
318498 1
20348 2
19117 2
148373 0
260749 0
300573 0
438530 0
30177 1
1256 3
78239 0
48819 3
214955 3
114424 3
19959 2
15424 2
4112 3
33764 3
128273 0
124878 0
132004 0
18206 2
29258 0
65428 0
287152 3
130668 3
438514 0
177159 0
421096 3
8741 0
422582 0
366476 1
22597 2
62754 0
18805 2
422441 0
22981 1
111431 0
9784 0
366543 1
282826 2
229624 0
10491 2
165450 1
438240 0
57830 0
17284 2
114696 3
16677 2
278343 1
19362 2
133181 3
261696 3
34105 0
421318 3
78951 0
18792 2
316747 2
113170 0
175465 0
316244 2
438235 0
391207 1
218980 0
22849 2
316129 2
260419 0
433606 0
261342 1
261353 0
422532 0
366309 1
16067 2
19401 1
438312 0
260574 1
52222 3
154798 3
15266 1
34558 0
160447 1
438520 0
113265 0
261155 0
421218 3
260188 0
378961 3
16737 2
38894 2
147556 3
12316 3
16709 2
33576 0
19633 2
421164 3
421457 3
230598 0
116305 0
20049 2
237278 1
45522 3
176395 0
260181 0
82733 0
17866 2
15659 2
16681 0
283259 1
134664 3
201160 1
19870 2
29037 0
50473 2
20529 2
27142 3
34533 0
20392 3
15836 2
220830 1
378515 3
366510 1
254811 3
20264 2
15647 2
173410 1
105976 3
421394 3
27039 3
421348 3
9391 0
422579 0
438529 0
16830 2
316001 2
152289 0
27309 3
77462 2
17840 1
42836 2
25739 3
113328 0
422569 0
54940 0
33620 3
19620 2
261148 1
152628 0
41726 3
61341 1
52882 2
230417 3
16116 2
48623 1
19022 2
19627 0
117470 3
422986 0
26733 3
113623 3
34702 0
50729 1
375510 0
106954 2
18296 2
16543 2
163973 0
261802 1
157136 0
105997 2
158008 3
19002 2
28499 0
15278 2
260301 0
17221 2
102551 0
114802 3
422410 0
19867 3
17199 1
421050 3
152601 0
106551 3
15728 2
55020 0
49947 0
398774 0
19592 0
261466 0
22674 0
20424 2
366383 1
5795 2
36839 0
40628 1
260808 0
179314 1
20359 2
422189 0
259096 0
28101 0
55454 0
131990 3
44094 2
366666 1
18251 0
18084 3
18239 2
24692 1
238810 3
260668 1
261600 1
18035 2
35680 3
33995 0
138620 3
55515 1
261796 3
78321 0
20636 2
68926 0
422560 0
26636 3
19014 1
113815 3
61874 0
15152 2
421041 3
114835 1
134013 1
17489 3
33967 0
12526 2
261693 1
307665 3
18904 1
16163 2
82333 0
16708 2
109134 3
162957 2
60374 0
117559 3
147410 0
260391 0
35445 3
366527 1
20708 2
16322 2
15786 2
15594 2
437888 0
17849 2
361926 0
85897 0
15206 0
114404 0
421435 3
399087 0
421155 3
19801 2
17496 2
261084 0
163155 3
382904 1
19614 2
18027 1
61475 3
78312 0
302797 3
302319 1
20646 2
282876 1
19160 2
15305 2
78156 0
352304 0
52787 3
48191 2
260314 0
421473 3
124204 1
113714 3
114500 1
347986 3
82666 0
438482 0
17101 2
155003 3
160668 0
39868 2
18305 2
348233 1
260491 0
232626 2
15645 2
283035 1
152125 1
407078 0
4489 2
105295 1
157912 3
15706 2
18526 2
17562 3
7885 3
124168 2
113951 3
16969 2
15454 3
394423 0
45135 3
85825 1
86202 0
27110 3
163023 3
111328 3
19233 2
35718 1
15738 2
39893 3
260498 0
4561 2
12259 0
31037 2
27255 1
27408 1
176407 0
366401 1
59127 1
55060 0
36094 0
19373 3
20767 3
125037 0
421056 3
366505 1
86199 3
260952 0
421544 3
300476 2
16362 2
15701 2
86345 3
17477 2
34679 0
50529 2
261365 0
44168 2
17218 2
18604 2
168807 2
17714 2
34685 0
20614 2
44267 3
366489 1
152611 0
15410 2
48896 1
35468 1
34742 0
16272 2
283061 2
421268 3
42527 2
398762 0
88971 1
171199 3
65896 0
6805 1
422194 0
29026 1
438299 0
422494 0
38338 2
21915 1
15610 2
16101 2
85862 0
10497 1
20415 2
22116 2
134982 0
88162 2
18797 2
7562 1
20552 2
261755 1
261028 0
42851 2
157386 3
176393 3
438654 0
3362 3
50733 1
35593 1
11526 0
18892 2
35429 3
181450 3
366485 1
149145 0
40200 3
353370 3
422319 0
42915 1
17365 2
237504 3
438527 0
261835 1
51920 1
71292 0
413372 1
113248 0
149010 0
113236 0
49965 0
421399 3
95187 0
91462 0
27077 3
117561 3
279681 0
366224 1
16638 2
20528 2
30525 2
15157 2
95014 3
305071 0
421476 3
16899 2
395389 0
17148 1
404966 0
95221 0
421299 3
16900 2
50635 2
303479 1
18004 2
26900 3
33482 0
1288 3
20870 2
48858 3
12837 0
18800 2
39765 3
55756 1
421252 3
19992 2
9518 3
50758 1
16259 1
26392 3
113309 0
29166 3
316645 2
9098 1
17635 2
316005 2
43739 1
15381 2
37007 1
124031 3
261182 0
102597 0
221571 3
390363 0
78113 0
422729 0
15148 1
39796 3
366629 1
438458 0
391114 1
44422 2
16691 2
12583 3
114008 1
8966 0
117321 3
54525 0
175665 3
348292 1
26899 3
366546 1
22319 0
17596 2
15229 2
35785 2
15475 2
421110 3
146231 0
167953 2
18801 2
113718 1
38352 2
77782 0
28116 3
19640 2
20480 2
15717 2
116755 2
52819 3
42316 0
18883 1
135203 3
316389 2
12916 0
399095 0
16672 3
58504 1
16404 2
4027 0
20615 3
421509 3
26322 3
260409 1
171336 3
15222 2
20388 2
34106 0
19031 2
74829 1
14496 3
16818 2
83952 0
16200 2
366522 1
15794 2
86077 0
15608 2
366538 1
33693 0
97600 0
19324 1
5214 1
366291 1
7964 0
17969 2
278773 2
156806 1
115770 3
98765 0
19297 2
260341 0
366420 1
10431 1
316752 2
21160 2
94945 3
39419 2
34761 3
12977 0
421343 3
316901 2
11216 0
78207 0
266659 3
399133 0
110908 3
132007 0
52093 1
17192 2
193297 1
78733 0
438226 0
8788 3
19688 2
366205 1
38005 1
19758 2
46529 1
37938 3
50160 0
20188 2
27539 3
180175 1
27085 3
114110 3
20106 2
114100 3
126973 1
17805 2
15516 2
148906 1
26907 3
366455 1
29780 0
52845 3
34451 0
171360 3
34672 0
871 1
16849 0
18333 3
18897 3
103703 1
114001 1
28907 2
114555 3
4802 0
3720 0
56335 3
124190 3
13485 1
60818 3
421032 3
114396 3
307522 3
261200 0
158460 1
261451 0
20512 2
26227 3
18766 2
198057 0
421284 3
260731 0
366492 1
17529 2
77216 3
265860 3
9791 3
421568 3
12945 0
45015 3
307770 0
85836 0
16186 2
283017 3
113887 3
16217 2
18614 2
421019 3
366410 1
72610 1
114329 3
19428 2
19498 2
421406 3
438548 0
182444 2
261604 1
261547 1
316574 2
105985 3
114442 1
438502 0
5752 0
50071 1
26887 3
20308 3
438388 0
34586 0
77853 0
5048 2
18032 2
66048 0
444 1
39389 3
165449 1
42620 1
114256 3
16850 3
15441 2
17313 2
11724 3
35886 1
19138 2
261369 0
15202 2
135521 0
32280 1
113619 1
85979 0
366565 1
17422 2
113196 0
75256 1
22869 1
421512 3
100760 1
75224 2
15732 2
78211 0
421065 1
438468 0
85807 0
421238 3
32206 1
48515 2
18414 2
114527 3
17783 2
116669 2
34287 0
31432 1
421229 3
4595 2
19446 1
34694 1
17412 3
125451 1
27595 3
17671 2
330395 1
152635 0
18976 2
69177 3
366250 1
62146 3
115761 1
20190 2
27040 3
126097 2
23723 1
421440 3
18306 2
83890 0
19025 2
18667 3
2245 0
113768 3
78614 0
12443 0
317058 2
114231 0
316568 3
421505 3
18752 3
168622 2
7728 2
18073 2
28013 3
29220 0
71953 2
315952 2
114119 3
78274 0
260950 1
27060 1
261156 3
20357 2
20014 2
175479 0
148368 0
113278 0
86264 0
438347 0
18660 2
113984 3
421326 3
326275 1
125199 0
117356 3
114199 0
50250 3
19074 0
26394 3
42761 2
61002 1
19910 2
114617 0
19062 2
55450 0
421437 3
293403 2
34606 0
114479 3
117876 0
124340 0
289823 1
260431 0
28292 3
4793 2
196442 3
52162 3
230983 3
114204 3
17668 0
12269 0
124390 0
15414 1
85838 0
366499 1
131685 1
48642 2
90665 0
124277 2
48781 3
238117 2
85818 0
261235 0
41438 1
19057 2
421495 3
33647 0
146412 2
159944 1
26087 2
86025 0
200931 1
421540 3
16895 2
88202 1
55689 1
422801 0
114325 3
15672 0
69219 0
421543 3
316305 2
88042 2
50808 3
26283 3
76906 2
170213 0
130079 0
35582 0
366391 1
38141 0
16416 1
261700 1
172025 0
119333 0
196465 2
113742 3
261707 1
438204 0
114386 0
259561 0
316237 2
117900 0
13312 2
33507 0
90412 0
438313 0
107724 3
229862 0
27011 3
261239 0
20048 2
33478 0
77809 0
15218 2
282565 2
77756 0
34300 0
11758 2
113723 3
283085 1
794 2
260590 0
20229 1
114564 3
30530 0
16058 3
44216 2
38846 0
260546 0
366460 1
61766 1
113881 3
34802 3
19610 2
16081 2
30084 0
171390 3
114778 3
421361 3
422164 0
316784 2
122150 0
15547 2
316698 2
149070 0
16579 2
49721 2
36598 0
104482 2
117280 3
17719 0
6114 3
113682 3
173254 2
36021 0
421242 3
16396 2
167528 3
421561 3
96479 1
448 2
15796 2
28826 0
114548 1
125697 0
438496 0
366281 1
421073 3
631 2
104456 0
316358 2
2588 1
421256 3
48971 3
164099 1
50149 0
18368 2
20371 1
13075 3
421607 3
15254 2
316398 2
15787 2
86201 0
18431 2
152106 0
28478 0
15997 2
16453 2
156115 0
173551 1
18223 2
261560 1
438462 0
16695 1
109729 3
156666 3
114338 3
15392 2
15425 2
71243 3
193050 2
18940 2
95157 0
26979 3
26145 3
210065 0
86367 0
48752 3
72177 3
28190 0
34506 0
78343 0
316877 2
366278 1
19708 1
20063 2
55423 0
78414 0
19509 2
26029 2
86373 1
52954 3
345491 3
34682 0
421135 3
348177 3
17550 2
16589 2
20461 2
17457 2
43162 0
15588 2
421094 3
107383 3
138396 1
17763 2
11532 2
316982 2
1116 0
127409 3
17361 2
113872 1
22588 0
33579 0
37771 0
3460 2
95574 0
171245 3
12672 0
113822 0
321747 3
14696 1
366585 3
16762 2
124586 3
95018 0
101290 0
19764 2
14408 1
262030 2
15267 2
272763 2
211388 3
113841 3
170527 2
15909 2
43978 2
152338 0
366395 1
257260 2
152486 0
16347 2
15780 2
20265 2
260658 0
34108 0
33471 0
35523 1
27020 3
130331 0
19028 2
79071 1
173449 2
316589 2
173303 1
131169 2
421312 3
408326 3
4472 2
27473 3
106807 1
260386 0
28062 1
17528 2
305326 3
19278 2
27927 3
163573 1
19972 2
422493 0
5739 2
178903 0
171559 1
20438 2
421278 3
19831 2
50034 0
16720 2
18019 2
175732 0
113690 3
173241 3
26193 3
15863 2
421387 3
15138 2
180845 0
261661 1
251564 0
174896 0
19795 2
283212 2
156458 0
16564 3
43090 1
79166 1
209273 3
71611 1
113924 3
38837 2
19595 2
421516 3
15994 2
239511 3
160264 1
8450 1
366484 1
127499 1
366500 1
19399 3
422141 0
18618 2
4922 2
28560 3
125027 0
421106 3
260673 0
4136 3
438397 0
33735 0
421280 3
17823 2
422512 0
275249 1
123615 1
74078 1
138286 3
15469 2
78726 1
260434 0
88022 0
18047 2
117585 3
61323 0
316265 2
149241 0
19116 2
17000 2
17508 1
18148 2
78364 1
261397 0
84145 3
3675 0
421235 3
243946 2
77763 0
20470 2
421590 3
38723 0
15889 2
521 2
74959 1
12403 2
17319 2
16307 2
84245 0
18158 2
15791 2
19684 2
26138 3
421251 3
149211 0
156174 3
14572 2
76608 0
160212 1
438202 0
175565 0
152582 0
28381 0
44058 2
422365 0
43229 1
36276 1
18336 2
364770 1
152917 0
20201 2
85873 0
16431 2
366209 1
348007 3
16311 2
171397 3
366360 1
11917 0
261653 1
16153 2
133491 1
438184 0
13209 1
421412 3
35510 0
277902 0
398746 0
55099 0
229530 0
30408 0
78006 0
55928 1
16616 3
71727 1
149399 1
4319 2
51742 3
48903 3
82087 1
154064 0
18917 3
146084 3
10220 1
421428 3
34486 0
438532 0
56021 3
261092 0
35865 1
38173 3
9873 1
32694 1
15950 2
1975 1
113200 0
168310 2
175466 0
18869 3
260462 0
316988 2
195999 1
19346 2
317087 1
15474 2
84158 0
261002 0
28096 0
114429 0
16427 2
76449 0
16102 2
139699 1
35947 1
259587 1
6207 0
421418 3
114773 3
422556 0
438693 0
20122 2
15607 2
32234 2
37561 1
117258 3
17057 3
1313 2
82114 3
12875 0
18632 2
78112 0
15294 0
168850 2
421492 3
13401 1
114327 3
52925 3
19563 2
91250 3
16703 2
157624 3
29293 0
366504 1
4681 2
438129 0
16755 2
18811 2
216467 3
36825 0
28884 0
189850 0
20337 2
3628 3
2418 0
175658 3
15663 2
421057 3
398112 1
16363 2
15846 2
20053 2
117239 0
114002 2
12309 1
421088 3
154905 0
319051 1
421297 3
74469 0
422195 0
149378 3
438121 0
261407 0
113252 0
38933 1
283055 1
19653 2
261622 1
261174 0
306543 2
31350 0
168839 0
288681 3
421217 3
422168 0
20145 3
72111 1
48810 3
113217 0
43512 1
27979 3
315977 2
422580 0
221283 3
20527 2
17198 3
21501 2
29675 3
19024 2
88792 2
16189 2
366687 1
156385 0
4285 2
89095 1
422173 0
346817 1
51857 1
99024 1
48008 2
421393 3
261355 1
9222 3
261149 0
282796 3
163711 1
18005 0
114166 3
152336 0
19315 1
52890 3
17104 2
154935 0
438650 0
366198 1
152487 0
23833 3
164024 0
18123 1
421195 3
291166 1
181451 1
114480 3
26434 3
76863 3
6295 1
13125 0
18204 3
82137 0
299877 2
114634 3
40513 3
29302 0
129936 3
366178 1
114179 1
78851 1
20561 3
16973 1
192 2
113209 0
113172 0
421327 3
20005 2
254624 0
19435 2
79069 1
113989 0
113260 0
438572 0
366206 1
19114 2
15153 2
421595 3
421040 3
26958 3
49427 1
18053 2
201695 0
421253 3
438138 0
13086 0
26030 1
421316 3
236531 3
122157 1
19670 2
15901 2
366649 1
78964 1
96971 0
438647 0
366545 1
30011 1
421206 3
26685 3
56013 1
26577 3
423048 0
60972 1
43560 1
75279 1
113916 3
2691 2
248787 3
74423 1
127591 1
33765 0
16766 2
421061 3
261632 2
438443 0
421559 3
113267 0
422573 0
50957 2
9485 0
154479 3
3043 1
33665 1
152562 0
9153 0
37278 0
16191 2
798 2
20239 2
438355 0
421171 3
316261 2
2290 1
421497 3
26371 3
130253 0
123275 2
20431 3
164091 2
52843 2
70718 1
20592 2
438451 0
18564 2
299223 1
4730 2
316275 2
175476 0
17565 2
366539 1
4830 2
181765 3
421259 3
16269 2
173339 2
113804 0
312214 0
388149 0
114544 3
43728 0
43231 1
422773 0
19409 2
12816 3
28727 3
16342 2
36560 0
111296 3
36244 3
148490 0
30360 0
185233 0
171062 3
15795 2
366284 1
322887 3
114046 3
16821 2
15334 2
15986 2
16377 2
366523 1
27836 3
421111 3
386865 1
35605 0
6127 3
95318 0
438618 0
34312 0
16714 1
178196 2
16053 2
120777 0
22628 0
316829 2
42545 1
16546 2
17411 3
167395 2
16260 2
260916 1
163704 1
103704 3
45537 1
13957 2
40101 1
36459 0
173341 1
17281 2
162431 1
421051 3
37895 0
35442 3
77758 0
35435 1
22303 2
366670 1
16128 2
114505 3
20854 2
238939 0
421569 3
714 1
324102 1
19858 2
50673 2
114717 3
438547 0
22488 0
17386 2
202013 0
1705 1
113886 3
86272 0
76331 0
64085 0
16201 3
421285 3
20057 2
13375 0
328308 1
156502 0
117282 3
261555 1
17397 2
152775 0
15768 2
148754 0
16094 2
16039 2
48755 3
175609 0
17223 2
20136 2
17954 2
9000 3
224590 0
257913 1
134635 3
34306 1
152243 1
15158 2
27569 3
18191 2
265856 3
198463 1
261232 0
114510 3
108801 3
6330 3
160486 1
17613 1
97249 3
152640 0
40552 3
16929 2
77845 0
34471 0
174687 2
195166 0
87456 0
8320 3
31378 0
18550 2
261599 1
20456 2
71260 0
114361 3
165633 3
86104 0
13103 2
33554 0
15181 2
421337 3
33980 0
99420 2
121228 3
37741 2
421224 3
113911 3
154894 0
133829 1
12844 0
18546 2
16728 2
23156 2
85870 0
262005 1
366223 1
260921 0
102515 1
86001 0
37868 3
50558 1
6890 0
20031 2
50098 2
34770 0
75082 3
20274 2
181306 3
366524 1
17863 2
26293 2
114019 1
39704 3
257753 2
316710 2
117320 3
421329 3
282818 1
94983 0
79188 3
18260 3
257894 3
316028 2
26251 3
72617 1
421372 3
16515 2
228556 1
16692 2
273383 2
438238 0
156721 0
261117 0
15615 2
181405 3
114734 3
260999 0
9915 1
129446 1
114795 3
119307 0
158461 1
15667 2
114443 0
20133 3
84107 0
260596 1
421320 3
164822 0
195153 0
19037 2
44170 2
214738 0
117240 1
421026 3
69112 0
438457 0
20244 2
13896 2
148957 0
16911 3
174212 0
16855 2
438668 0
13290 2
385186 3
316969 2
421541 3
173509 2
19485 2
422513 0
421591 3
19249 2
235880 3
15829 2
19656 2
81899 2
22870 1
421598 3
19695 2
17996 3
34619 3
261460 1
261639 1
113676 3
27361 3
261403 0
421403 3
50446 2
1336 1
114663 0
177026 3
26134 1
366290 1
183281 1
50694 1
261249 0
18654 2
438376 0
16567 1
421373 3
394419 0
19332 2
16865 2
114551 3
114369 3
1338 1
20580 2
180420 0
20801 2
114051 3
157409 0
17085 2
52247 3
74739 1
421330 3
16047 1
132409 3
18104 2
173220 2
16226 0
208612 3
421102 3
19389 2
20158 2
366203 1
15292 2
125786 3
18872 2
136813 1
27999 3
237746 3
236840 0
162314 1
37619 3
175562 0
17054 3
16057 2
16159 2
152441 1
33093 0
23145 1
146670 2
438586 0
77107 1
421072 3
24026 3
152634 0
303388 3
110115 0
283040 2
19393 2
175738 3
29802 0
316266 2
27689 0
48797 3
421105 3
19364 2
15478 2
16811 2
261267 1
19151 3
261840 1
422045 0
16397 3
41716 1
79853 2
35873 2
31928 3
30531 0
33779 0
28714 0
60391 0
364991 0
260645 0
16679 2
20428 2
17485 3
18093 2
197734 0
310378 2
37642 1
38102 2
114466 3
154946 0
26466 3
371343 0
29642 0
82738 0
171293 3
421257 3
85918 1
89446 2
20610 2
15297 2
154303 1
422393 0
364203 3
113618 1
113261 0
46243 3
19330 2
262014 1
26849 2
33519 0
18057 2
260869 0
22761 2
306205 3
19962 2
15530 2
14117 1
18350 3
62337 3
91948 0
438167 0
50116 3
132227 0
55670 1
33875 0
421024 3
421228 3
42866 1
421441 3
438643 0
124487 0
14236 0
33618 0
15009 1
17423 3
113788 0
422241 0
366481 1
408129 3
13095 0
345549 3
308480 0
17468 2
75059 2
22727 0
422281 0
283069 3
60017 3
438467 0
316813 2
19936 2
10566 0
114009 0
4225 1
20481 2
388810 0
17864 2
114353 3
261537 1
422652 0
31072 2
316430 2
193669 0
62083 1
20523 2
34638 1
421504 3
26301 0
48853 3
77818 3
33581 0
98896 1
17362 2
17383 2
15359 2
15350 2
366194 1
16135 2
50865 1
116707 3
187793 1
9465 1
438659 0
257780 3
88761 2
147883 0
260430 0
261123 0
113660 0
113168 3
114459 3
19835 2
84163 1
421093 3
29431 2
24689 0
152060 0
63442 0
19403 2
19957 2
421459 3
182533 0
113985 3
260819 0
260724 0
227360 3
366495 1
19240 2
39456 3
317022 3
261677 1
152610 0
42459 1
421279 3
17544 0
75356 1
15696 0
113851 0
69858 0
49620 2
16336 2
17860 2
38881 0
153681 2
149004 0
438402 0
366673 1
114844 1
276189 3
87979 0
18968 2
149386 1
15582 2
38722 0
114391 3
56091 1
421036 3
18876 2
262002 3
182388 1
366441 1
438544 0
21385 0
42791 2
195262 3
161873 0
19661 1
231146 3
139422 1
16721 2
52163 3
18345 2
58628 3
85819 0
26361 3
406583 3
16541 2
61632 3
18780 2
20278 3
90702 0
422551 0
103676 3
22147 2
19225 2
62156 0
90160 2
180379 0
38840 2
141945 0
421466 3
17242 3
8756 1
15725 2
20085 2
60240 3
114419 3
85559 1
157910 0
17583 2
85884 3
157971 3
113655 2
106724 0
128854 0
3490 0
12609 0
85853 0
54170 1
113807 1
34798 3
163426 2
20768 3
82573 0
18960 2
124019 3
73294 1
16635 2
421281 3
419610 3
422419 0
1314 1
168300 2
18326 2
76143 3
29313 0
18413 2
164457 0
17161 2
15876 2
33639 0
84246 0
46286 2
15210 2
408977 3
134381 1
84216 0
66019 2
109440 3
85812 3
106076 3
197332 0
260544 0
139241 1
85802 0
193457 2
18381 2
76540 0
113800 3
15365 2
261091 1
18028 0
152579 0
154471 0
20234 2
154454 0
366681 1
4473 2
438449 0
391330 1
86118 0
46238 1
36493 0
28555 3
421577 3
33782 2
421415 3
61594 1
1842 2
19443 2
26415 3
33961 0
56037 1
17240 3
261747 1
17646 1
31126 1
113765 0
168716 2
136219 1
18274 2
13106 0
26377 3
84165 1
16160 2
19926 1
113270 0
26093 3
112955 3
257672 3
113964 0
18505 1
162926 0
148758 3
65123 1
106955 3
421084 3
118758 0
86132 0
19852 1
119644 0
37567 0
84014 0
366239 1
261825 1
114146 0
316106 2
16317 2
22570 2
316019 2
366633 1
133349 1
20374 2
196000 1
152247 1
114121 1
114833 1
75023 1
125983 0
256258 2
16931 2
125571 0
4241 0
11983 2
40137 1
174788 3
422128 0
422800 0
50748 1
27344 3
27710 2
208170 2
149074 1
168117 2
15578 2
37316 0
17217 2
16279 3
359602 3
86261 0
109641 3
113158 0
16878 3
152652 0
17224 2
361925 0
10465 1
78278 0
308750 2
19947 2
65136 1
171265 3
421583 3
28261 3
18291 2
48809 3
95289 1
6461 0
17573 2
78824 0
101467 1
34600 1
117978 3
18074 1
198404 0
168114 1
421066 3
114376 1
27089 3
17764 2
27048 2
114249 0
155329 3
316803 2
18476 2
26318 0
15249 2
113878 3
3666 3
12317 3
82136 0
421539 3
116867 3
17633 0
124489 0
26214 3
17869 1
16764 2
421305 3
19645 2
175586 1
421338 3
316714 2
18018 2
100282 3
366615 1
130064 0
124106 1
84132 0
421369 3
260176 0
19027 2
78042 0
113910 3
421048 3
196002 1
114384 3
316755 2
34152 1
77829 0
5217 1
421450 3
171255 3
117812 3
52176 3
179887 3
33585 1
421449 3
10450 1
16949 2
124358 0
68916 0
421184 3
421236 3
33981 0
421227 3
19999 2
171292 3
175674 0
224591 0
113873 0
15806 2
175823 0
438328 0
114171 3
69345 0
113829 0
89464 3
243959 0
78036 0
14481 0
95268 0
17480 2
16641 2
52939 3
2525 0
18300 1
316122 2
324616 3
114485 3
421507 3
399458 3
61324 0
260225 0
438567 0
15710 2
24234 3
421380 3
148992 3
35966 3
153587 1
35329 1
157388 3
390665 3
33772 1
26505 3
70429 3
133625 0
421550 3
421250 3
84093 0
261660 1
12729 2
17015 2
78341 0
36181 1
26867 2
19793 2
171558 1
152581 0
316159 2
249093 1
21142 3
262142 0
316618 2
20262 2
152281 3
78077 0
16074 2
28349 0
366294 1
113770 3
18565 2
164399 1
99505 0
182887 1
76499 3
8394 3
114523 0
113293 0
15926 2
421433 3
261395 0
260556 0
114194 3
27286 3
260220 0
26490 0
18580 2
305348 3
48802 1
34176 0
384589 3
16463 2
16496 2
1245 2
143606 1
17935 2
20121 2
245062 0
26605 3
16835 2
16330 2
16473 2
59383 0
62330 0
15514 1
19749 2
366422 1
92777 1
26629 3
19380 2
52150 3
421423 3
15884 2
45038 3
33918 3
6656 3
15887 2
3673 2
17912 2
421608 3
152169 1
286437 1
15487 2
421596 3
422180 0
261989 1
17693 2
18062 2
83865 2
260539 0
366300 1
114030 3
108762 0
316204 2
113632 3
49167 1
304565 1
117259 3
15438 2
421286 3
226772 1
18760 3
113621 1
91071 0
366271 1
326056 1
422700 0
114390 1
366362 1
53953 0
20515 2
251309 0
34719 1
15955 2
324233 3
147995 0
117587 3
316774 2
114084 3
78144 0
39026 1
34920 1
33614 0
95378 3
42635 2
16562 2
4927 2
38831 0
366594 2
113239 0
34480 0
61262 3
100649 1
422518 0
18006 0
171371 3
422135 0
14127 0
175650 0
138576 2
114003 1
121276 0
113673 3
16398 2
260636 0
50600 2
174762 1
388820 0
126024 0
421471 3
114506 0
114434 3
17614 1
16415 3
18547 2
123336 3
149261 0
208622 0
16933 2
17262 2
438438 0
366631 1
84229 0
46502 0
35581 0
127870 3
88200 0
258823 0
77994 0
34224 0
56678 1
113885 3
69497 0
13548 3
147666 1
34236 0
366603 1
366275 1
422681 0
366668 1
15083 3
164279 3
173289 1
16789 2
422645 0
13440 0
116692 3
422646 0
90832 0
35534 0
421430 3
89721 1
35635 3
19397 2
17302 1
131207 2
113785 3
422666 1
316670 2
7366 0
148924 0
421126 3
366389 1
156264 2
261673 1
422590 0
316108 2
5160 3
82074 0
17770 2
266469 1
28315 1
117422 3
15420 2
32269 1
366563 1
34476 2
152492 0
438694 0
35486 0
28746 0
110102 0
26684 3
114406 3
421578 3
59445 0
123529 2
42548 2
15204 0
171389 3
114097 0
85978 0
35856 0
10299 2
84264 0
113755 1
16964 2
156987 3
9252 1
366245 1
421194 3
10138 2
13801 0
33804 3
388983 0
421131 3
33849 0
235572 0
16914 2
15574 0
111290 3
17439 2
77787 0
175610 1
15201 2
15704 2
15800 2
34364 0
116670 3
76348 0
20134 3
114215 1
316989 2
78276 0
16142 2
48770 3
124235 2
114837 1
155373 3
113274 3
438454 0
400790 3
385999 3
26061 3
16170 2
20732 1
148495 0
69292 0
260900 1
16577 2
110679 1
114572 3
39165 3
55549 0
114262 1
18629 2
18182 2
261210 1
34484 0
16270 1
114776 3
18386 2
101634 0
421601 3
19868 3
315669 3
421078 3
384705 3
316716 2
152069 0
86196 3
20625 2
18390 2
40739 0
48880 3
18141 2
430002 0
38071 2
35939 3
47857 0
120778 0
56626 0
260366 0
421170 3
78295 0
261095 0
17211 1
173251 2
34576 0
17312 2
136184 0
85860 0
421502 3
18964 3
30081 1
78624 1
16554 2
51060 0
366311 1
113740 3
15946 3
42828 3
19347 2
4386 0
72962 0
366556 1
236131 3
17436 2
114226 3
90997 0
260705 0
261832 1
59202 0
250603 1
49644 0
18930 3
620 2
193280 1
260843 1
78086 0
26562 3
18025 2
261944 1
421223 3
3711 3
19512 2
398754 0
114205 0
16897 2
78140 3
261272 0
19095 2
260371 0
113828 0
127154 0
173486 1
316491 2
114305 3
421081 3
438297 0
113232 0
20881 2
139797 2
260917 0
134707 0
422686 0
17894 2
16807 2
366557 1
15592 2
78139 3
84489 0
16537 2
18363 2
133432 1
438120 0
13226 0
38168 0
261193 0
438203 0
26080 3
77918 1
224840 1
95146 3
438531 0
15973 2
19216 2
18118 2
156335 0
363604 0
422214 0
16771 2
421562 3
366696 1
69443 3
38174 1
12284 1
17530 2
20197 3
146487 1
20051 2
19542 2
134129 0
87481 0
17381 2
171280 3
152344 0
125473 0
17569 2
259054 1
114175 3
421101 3
421570 3
23566 2
11870 0
315986 2
165661 0
421481 3
17511 1
35685 0
316609 2
366257 1
260913 0
2237 0
15713 2
366261 1
34769 0
77921 3
65515 3
90913 0
19172 2
421554 3
197433 0
152294 0
369076 3
8207 1
316744 2
117255 3
16988 2
20782 3
173228 1
114566 3
129545 1
123392 3
15830 1
75108 2
72839 0
422340 0
84271 0
316038 2
114411 3
31995 1
316518 2
421182 3
16697 2
20036 2
308715 3
34104 1
316186 2
114642 3
262079 1
316281 2
61888 3
29257 0
31229 1
12551 0
146901 1
10851 1
114388 0
304859 3
421367 3
27143 2
17316 2
389118 0
55742 1
438421 0
422222 0
20181 2
33972 0
95027 0
114295 3
78782 1
438185 0
237522 3
316533 1
16838 2
156380 0
242690 3
9329 1
152308 0
15756 2
124448 0
22312 0
422655 0
13152 1
114832 1
421167 3
28020 3
422148 0
421355 3
867 3
18125 2
16055 2
422421 0
15524 2
31896 0
421147 3
4842 2
114489 1
15839 2
130676 3
316976 2
422491 0
9096 3
63441 0
78897 1
16723 2
4239 3
421333 3
438633 0
69857 3
422732 0
78333 0
97945 0
82132 0
63453 0
259027 0
421454 3
68900 0
171215 3
20474 3
20325 2
78021 3
7046 2
407098 0
121330 0
87907 0
115799 3
260890 0
19016 2
84164 0
84177 0
113636 3
113763 3
7277 1
16092 2
42174 3
99023 1
20531 2
85866 0
8053 0
149075 1
27947 3
261171 0
28584 0
34294 1
55013 3
152141 1
422455 0
261788 1
18837 2
261617 1
8928 0
114210 3
192651 1
236768 3
421549 3
17403 2
113833 0
20850 3
113733 3
19657 2
149445 0
178553 3
114080 3
152010 1
113706 3
16648 2
60018 3
130908 1
261130 0
175436 1
5282 3
23461 2
438179 0
175536 0
15816 2
19782 2
421514 3
261538 1
261577 1
112737 3
180366 0
421384 3
226326 1
154873 3
15545 1
58821 0
15601 2
261651 1
47820 0
29169 0
50919 0
34667 3
18942 2
81587 1
113696 0
20233 2
102667 0
18161 2
16378 2
16559 1
199352 1
48211 1
33521 0
155379 3
15903 2
260535 0
421037 3
50650 2
18598 2
260543 0
15291 2
35512 1
19236 2
366321 1
19410 1
16048 3
154903 0
113813 1
79206 1
39753 3
124665 0
196968 1
16231 3
261266 1
19990 2
316908 2
15883 2
261432 1
421233 3
327157 1
18045 2
86753 3
43856 0
421396 3
114603 3
421341 3
86346 3
181478 3
421214 3
46656 3
192722 0
438432 0
17440 2
113955 0
13573 0
18395 2
34137 0
18913 2
40740 2
74355 1
233608 1
35573 3
156396 3
294902 2
107800 3
421060 3
391137 1
85805 0
3782 3
175821 0
367431 1
379001 3
16300 2
18880 2
114041 3
196369 0
70352 3
15283 2
18923 2
33955 1
53030 3
421414 3
16968 2
117256 3
16458 2
421274 3
17095 2
15570 2
78850 1
124231 2
27454 2
316320 2
77800 0
16918 2
366249 1
156670 3
45822 1
149169 0
366252 1
19797 0
438500 0
61492 1
95439 0
19925 3
153064 2
71299 1
17484 3
260260 0
17424 2
15566 2
122938 3
11175 3
366475 1
15200 2
97986 1
175701 1
17487 2
16678 2
27099 2
156301 3
261761 1
50649 3
29211 3
421263 3
27858 3
421220 3
16793 2
85771 0
123635 3
69828 3
15777 2
136228 0
15276 2
366498 1
71261 0
13897 2
30556 2
95432 0
113207 0
156956 0
90849 0
34555 3
16503 1
77815 0
114477 3
6143 1
16932 2
108341 0
261269 1
261583 1
114241 0
101422 3
366266 1
171395 3
422685 0
209522 0
15493 2
115907 3
421315 3
316677 2
113319 0
17678 1
422842 1
33817 1
17781 0
114651 0
236811 1
242818 3
116729 0
238204 1
77848 0
261354 0
16284 2
18825 2
153761 3
438265 0
164884 0
261588 1
19012 2
38767 1
959 0
94855 0
20280 2
35053 3
61476 3
19042 2
282966 2
15612 2
34195 0
5269 0
86232 0
316555 2
438206 0
17818 0
18215 2
114789 3
148960 0
366393 1
366339 1
399473 0
113824 1
421293 3
42730 2
128643 3
171322 3
45194 0
51659 2
281065 3
19333 2
114826 1
18452 2
12801 2
4469 2
85831 3
260605 0
158072 3
20769 3
1140 2
421310 3
164177 2
114286 0
114399 0
42739 2
328868 3
4516 2
123675 2
26721 2
28004 3
316627 2
175720 0
35675 1
421075 3
86027 0
6613 1
30066 1
35815 1
421456 3
173727 1
139381 2
42638 2
18164 2
113738 3
421545 3
35466 1
366674 1
422341 0
16893 2
59381 1
50623 2
124040 3
18664 2
20279 2
15554 2
282822 1
17207 2
438450 0
34675 0
20241 2
7569 3
114143 1
54689 3
60095 0
114711 3
366179 1
316968 1
55691 1
79487 0
260847 0
20775 1
34398 0
38878 1
19220 2
3293 3
175683 0
82054 0
312508 3
6773 2
171091 1
18625 2
15724 2
421605 3
114418 0
48161 2
366417 1
438587 0
17019 2
7244 3
175813 0
113792 0
17479 2
363969 3
154482 0
128855 1
15364 3
18029 0
6976 0
261679 1
117659 2
18501 2
156336 0
18934 2
61894 3
16225 2
156680 3
28192 0
151648 1
77775 0
18873 2
156429 3
366452 1
113654 3
379130 3
186494 3
19076 2
84215 1
52975 3
19543 3
15940 2
36 2
597 3
755 2
1194 3
1201 2
1234 0
1798 0
1801 1
1902 2
2180 2
2504 1
2934 1
3011 1
3027 0
3230 1
3318 3
3329 0
3594 0
3771 3
4096 3
359187 2
536197 1
309770 2
486705 1
487134 1
156741 3
556244 0
552408 3
8258 2
596641 0
275545 0
597204 0
156905 3
504351 0
487108 1
10005 0
277011 0
596227 0
536501 1
556204 0
356888 2
555312 0
275478 0
358765 2
309258 2
536372 1
556333 0
158720 2
275572 0
357860 3
8868 2
596187 0
357597 2
276890 0
308137 2
157089 3
358758 2
117227 2
358146 2
308917 2
11979 2
86199 3
437276 2
11717 2
278934 2
356664 2
595825 0
9151 2
357194 2
11659 2
487316 1
359663 2
554673 0
595591 0
275261 3
551635 3
359792 2
278549 1
275778 0
8638 2
361006 2
360668 3
358345 2
8071 2
86016 0
359399 2
156802 3
436537 1
308275 2
536495 1
309899 2
118479 3
486711 1
308054 2
555434 0
116431 2
9039 2
487154 1
358823 3
308024 2
86725 3
551267 3
356635 2
357419 2
86144 0
116720 2
359052 3
552309 3
486927 1
596689 0
358360 0
86824 0
436767 2
504121 0
275749 0
596850 2
157165 3
552430 3
358897 2
627055 0
